% C = [4.72e-14 5.86e-14 7.03e-14 8.23e-14 9.47e-14 1.07e-13];
V = [14 13.95 13.85 13.75 13.63 13.48];
C = 55.7e-15;
fingers = [4 5 6 7 8 9];
h = 6.6e-34;
e = 1.6e-19;
f0 = 6.5e9;


L = 1./((2*pi*f0)^2.*C);
